11 9 0.000185013
_____
11 10 0.000770092
_____
11 11 0.00352097
_____
11 12 0.0170631
_____
11 13 0.0762038
_____
11 14 0.330683
_____
11 15 1.41988
_____
11 16 6.159
_____
11 17 26.711
_____
31 17 8.42814
_____
12 2 4.05312e-06
_____
12 3 4.05312e-06
_____
12 4 4.05312e-06
_____
12 5 4.05312e-06
_____
12 6 5.96046e-06
_____
12 7 1.00136e-05
_____
12 8 3.09944e-05
_____
12 9 0.000139952
_____
12 10 0.000669003
_____
12 11 0.00313306
_____
12 12 0.01512
_____
12 13 0.0688248
_____
12 14 0.298399
_____
12 15 1.29372
_____
12 16 5.58139
_____
12 17 24.1545
_____
13 2 4.05312e-06
_____
13 3 4.05312e-06
_____
13 4 4.05312e-06
_____
13 5 5.00679e-06
_____
13 6 5.00679e-06
_____
13 7 9.05991e-06
_____
13 8 2.88486e-05
_____
13 9 0.000127077
_____
13 10 0.000613928
_____
13 11 0.00286102
_____
13 12 0.0135648
_____
13 13 0.0636058
_____
13 14 0.272352
_____
13 15 1.18267
_____
13 16 5.10335
_____
13 17 22.0554
_____
14 2 3.8147e-06
_____
14 3 3.8147e-06
_____
14 4 4.05312e-06
_____
14 5 5.00679e-06
_____
14 6 5.00679e-06
_____
14 7 1.09673e-05
_____
14 8 2.69413e-05
_____
14 9 0.000114918
_____
14 10 0.000569105
_____
14 11 0.00263906
_____
14 12 0.012326
_____
14 13 0.0585821
_____
14 14 0.251305
_____
14 15 1.08552
_____
14 16 4.69675
_____
14 17 20.3526
_____
16 2 5.00679e-06
_____
16 3 4.05312e-06
_____
16 4 3.8147e-06
_____
16 5 5.00679e-06
_____
16 6 5.00679e-06
_____
16 7 8.10623e-06
_____
16 8 2.38419e-05
_____
16 9 0.000108004
_____
16 10 0.000503063
_____
16 11 0.00230503
_____
16 12 0.010587
_____
16 13 0.0519781
_____
16 14 0.221092
_____
16 15 0.950776
_____
16 16 4.08112
_____
16 17 17.6571
_____
18 2 4.05312e-06
_____
18 3 4.05312e-06
_____
18 2 4.05312e-06
_____
18 3 5.00679e-06
_____
18 4 2.86102e-06
_____
18 2 4.05312e-06
_____
18 2 4.05312e-06
_____
18 3 4.05312e-06
_____
18 4 5.00679e-06
_____
18 5 4.05312e-06
_____
18 2 4.05312e-06
_____
18 3 4.05312e-06
_____
18 4 4.05312e-06
_____
18 5 5.00679e-06
_____
18 6 5.00679e-06
_____
18 7 7.15256e-06
_____
18 8 2.09808e-05
_____
18 9 8.39233e-05
_____
18 10 0.000413895
_____
18 11 0.00194311
_____
18 12 0.0089469
_____
18 13 0.0441589
_____
18 14 0.19113
_____
18 15 0.824121
_____
18 16 3.56928
_____
18 17 15.4628
_____
18 18 66.5184
_____
18 19 285.319
_____
19 2 4.05312e-06
_____
19 5 5.96046e-06
_____
19 2 4.05312e-06
_____
19 3 3.8147e-06
_____
19 4 4.05312e-06
_____
19 5 3.8147e-06
_____
19 6 4.05312e-06
_____
19 7 5.96046e-06
_____
19 8 1.90735e-05
_____
19 9 7.89165e-05
_____
19 10 0.000372171
_____
19 11 0.00181198
_____
19 12 0.00833893
_____
19 13 0.0417368
_____
19 14 0.178132
_____
19 15 0.778488
_____
19 16 3.35323
_____
19 17 14.526
_____
20 2 4.05312e-06
_____
20 3 4.05312e-06
_____
20 4 3.8147e-06
_____
20 5 4.05312e-06
_____
20 6 5.00679e-06
_____
20 7 6.91414e-06
_____
20 8 1.69277e-05
_____
20 9 7.31945e-05
_____
20 10 0.000368118
_____
20 11 0.00170207
_____
20 12 0.00786591
_____
20 13 0.0387511
_____
20 14 0.169937
_____
20 15 0.734578
_____
20 16 3.16972
_____
20 17 13.7216
_____
22 2 5.00679e-06
_____
22 3 5.00679e-06
_____
22 4 5.00679e-06
_____
22 5 4.05312e-06
_____
22 6 4.05312e-06
_____
22 7 7.15256e-06
_____
22 8 1.5974e-05
_____
22 9 6.81877e-05
_____
22 10 0.000310898
_____
22 11 0.00151205
_____
22 12 0.00717902
_____
22 13 0.034477
_____
22 14 0.152891
_____
22 15 0.660905
_____
22 16 2.84784
_____
22 17 12.3197
_____
24 2 4.05312e-06
_____
24 3 4.05312e-06
_____
24 4 4.05312e-06
_____
24 5 3.8147e-06
_____
24 6 5.00679e-06
_____
24 7 5.96046e-06
_____
24 8 1.40667e-05
_____
24 9 5.6982e-05
_____
24 10 0.000267982
_____
24 11 0.00134301
_____
24 12 0.00625205
_____
24 13 0.0298829
_____
24 14 0.138153
_____
24 15 0.596671
_____
24 16 2.58817
_____
24 17 11.1423
_____
26 2 3.8147e-06
_____
26 3 3.8147e-06
_____
26 4 4.05312e-06
_____
26 5 4.05312e-06
_____
26 6 5.00679e-06
_____
26 7 5.00679e-06
_____
26 8 1.19209e-05
_____
26 10 0.000251055
_____
26 12 0.00568414
_____
26 14 0.127213
_____
