26 2 5.96046e-06
_____
26 3 3.8147e-06
_____
26 4 4.05312e-06
_____
26 5 4.05312e-06
_____
26 6 4.05312e-06
_____
26 7 7.15256e-06
_____
26 8 1.3113e-05
_____
26 9 5.00679e-05
_____
26 10 0.000252008
_____
26 11 0.00120616
_____
26 12 0.00571203
_____
26 13 0.0276
_____
26 14 0.126843
_____
26 15 0.546778
_____
26 16 2.36629
_____
26 17 10.2321
_____
28 2 4.05312e-06
_____
28 3 4.05312e-06
_____
28 4 4.05312e-06
_____
28 5 4.05312e-06
_____
28 6 5.00679e-06
_____
28 7 5.96046e-06
_____
28 8 1.28746e-05
_____
28 9 5.10216e-05
_____
28 10 0.000223875
_____
28 11 0.00110698
_____
28 12 0.00521493
_____
28 13 0.024894
_____
28 14 0.11756
_____
28 15 0.504854
_____
28 16 2.17422
_____
28 17 9.39186
_____
30 2 4.05312e-06
_____
30 3 4.05312e-06
_____
30 4 4.05312e-06
_____
30 5 4.05312e-06
_____
30 6 4.05312e-06
_____
30 7 5.00679e-06
_____
30 8 1.09673e-05
_____
30 9 4.41074e-05
_____
30 10 0.000209093
_____
30 11 0.00102186
_____
30 12 0.00482607
_____
30 13 0.0228009
_____
30 14 0.109341
_____
30 15 0.468556
_____
30 16 2.02347
_____
30 17 8.71198
_____
32 2 4.05312e-06
_____
32 3 5.00679e-06
_____
32 4 5.96046e-06
_____
32 5 4.05312e-06
_____
32 6 4.05312e-06
_____
32 7 6.91414e-06
_____
32 8 1.3113e-05
_____
32 9 4.22001e-05
_____
32 10 0.000203133
_____
32 11 0.000967979
_____
32 12 0.00460887
_____
32 13 0.021071
_____
32 14 0.101363
_____
32 15 0.440101
_____
32 16 1.89219
_____
32 17 8.18166
_____
34 2 4.05312e-06
_____
34 4 4.05312e-06
_____
34 5 4.76837e-06
_____
34 6 3.8147e-06
_____
34 7 5.96046e-06
_____
34 8 1.19209e-05
_____
34 9 4.19617e-05
_____
34 10 0.000181198
_____
34 11 0.000878096
_____
34 12 0.00420403
_____
34 13 0.019388
_____
34 14 0.0950871
_____
34 15 0.409349
_____
34 16 1.76906
_____
34 17 7.62239
_____
36 2 4.05312e-06
_____
36 3 4.05312e-06
_____
36 4 3.09944e-06
_____
36 5 4.05312e-06
_____
36 6 4.05312e-06
_____
36 7 5.00679e-06
_____
36 8 9.77516e-06
_____
36 9 3.60012e-05
_____
36 10 0.000160933
_____
36 11 0.000797033
_____
36 12 0.00387597
_____
36 13 0.0180912
_____
36 14 0.088645
_____
36 15 0.377874
_____
36 16 1.65035
_____
36 17 7.15385
_____
38 2 6.19888e-06
_____
38 3 4.05312e-06
_____
38 4 4.05312e-06
_____
38 5 3.8147e-06
_____
38 6 6.19888e-06
_____
38 7 4.05312e-06
_____
38 8 9.05991e-06
_____
38 9 3.19481e-05
_____
38 10 0.000148058
_____
38 11 0.000746012
_____
38 12 0.00360489
_____
38 13 0.016762
_____
38 14 0.0826879
_____
38 15 0.356839
_____
38 16 1.55621
_____
38 17 6.71653
_____
40 2 5.96046e-06
_____
40 3 3.09944e-06
_____
40 4 5.00679e-06
_____
40 5 4.05312e-06
_____
40 6 3.8147e-06
_____
40 7 5.00679e-06
_____
5 2 2.86102e-06 0
_____
5 2 3.8147e-06 0
_____
5 2 3.09944e-06 0
_____
5 2 2.86102e-06 0
_____
3 2 3.09944e-06 8
_____
16 15 1.01793 1224965664
_____
2 2 4.05312e-06 20
_____
2 3 4.05312e-06 108
_____
2 4 5.00679e-06 580
_____
2 5 8.10623e-06 3020
_____
2 6 2.69413e-05 15204
_____
2 7 7.89165e-05 74284
_____
2 8 0.000352859 353924
_____
2 9 0.00150418 1651596
_____
2 10 0.00704098 7576228
_____
2 11 0.029825 34263020
_____
2 12 0.127536 153120708
_____
2 13 0.557991 677465932
_____
2 14 2.33313 -1323045404
_____
2 15 9.97747 57395628
_____
2 16 42.6728 172186884
_____
2 17 181.54 516560652
_____
4 2 3.09944e-06 8
_____
4 3 3.09944e-06 40
_____
4 4 3.8147e-06 216
_____
4 5 5.00679e-06 1160
_____
4 6 1.09673e-05 6040
_____
4 7 3.50475e-05 30408
_____
4 8 0.000144958 148568
_____
4 9 0.000660896 707848
_____
4 10 0.00309587 3303192
_____
4 11 0.013962 15152456
_____
4 12 0.0594308 68526040
_____
4 13 0.255117 306241416
_____
4 14 1.08876 1354931864
_____
4 15 4.65342 1648876488
_____
4 16 19.9074 114791256
_____
4 17 85.1077 344373768
_____
6 2 4.05312e-06 0
_____
6 3 3.09944e-06 16
_____
6 4 3.8147e-06 80
_____
6 5 4.05312e-06 592
_____
6 6 8.10623e-06 3120
_____
6 7 2.09808e-05 17104
_____
6 8 8.29697e-05 84976
_____
6 9 0.000390053 417360
_____
6 10 0.00173092 1972720
_____
6 11 0.00834107 9181904
_____
6 12 0.0383689 41909872
_____
6 13 0.161752 188937552
_____
6 14 0.690181 841563120
_____
6 15 2.95979 -581031984
_____
6 16 12.6956 -925356176
_____
6 17 54.2951 1930131024
_____
8 2 4.05312e-06 0
_____
8 3 4.05312e-06 16
_____
8 4 4.05312e-06 80
_____
8 5 4.05312e-06 432
_____
8 6 6.91414e-06 2320
_____
8 7 1.5974e-05 12080
_____
8 8 6.60419e-05 60816
_____
8 9 0.000288963 297136
_____
8 10 0.00127101 1415696
_____
8 11 0.00584602 6606384
_____
8 12 0.0278771 30304912
_____
8 13 0.119215 137052080
_____
8 14 0.508872 612482832
_____
8 15 2.17633 -1585103568
_____
8 16 9.30984 -997214320
_____
8 17 39.8531 229582512
_____
16 2 4.05312e-06 0
_____
16 3 5.96046e-06 0
_____
16 4 3.8147e-06 32
_____
16 5 3.8147e-06 160
_____
16 6 5.00679e-06 864
_____
16 7 9.05991e-06 4640
_____
16 8 2.59876e-05 24160
_____
16 9 0.000117779 121632
_____
16 10 0.000542879 594272
_____
16 11 0.002496 2831392
_____
16 12 0.0115821 13212768
_____
16 13 0.0558641 60609824
_____
16 14 0.237761 274104160
_____
16 15 1.01658 1224965664
_____
16 16 4.35791 1124760160
_____
16 17 18.6568 -1994428640
_____
32 2 5.96046e-06 0
_____
32 3 5.96046e-06 0
_____
32 4 4.05312e-06 0
_____
32 5 3.8147e-06 64
_____
32 6 4.05312e-06 320
_____
32 7 5.96046e-06 1728
_____
32 8 1.28746e-05 9280
_____
32 9 4.79221e-05 48320
_____
32 10 0.000239849 243264
_____
32 11 0.00107408 1188544
_____
32 12 0.00499296 5662784
_____
32 13 0.023524 26425536
_____
32 14 0.112602 121219648
_____
32 15 0.477234 548208320
_____
32 16 2.03777 -1845035968
_____
32 17 8.71603 -2045446976
_____
