# X          Y         Z
1 9 0.00332212
1 10 0.014003
1 11 0.059922
1 12 0.256402
1 13 1.10454
1 14 4.75292
1 15 20.3278
1 16 86.5987
1 16 86.6141
1 17 367.378
2 2 2.86102e-06
2 3 4.05312e-06
2 4 5.00679e-06
2 5 7.15256e-06
2 6 2.00272e-05
2 7 7.20024e-05
2 8 0.000306845
2 9 0.00137091
2 10 0.00653982
2 11 0.0283852
2 12 0.119368
2 13 0.512924
2 14 2.23947
2 15 9.50826
2 16 40.762
2 17 176.393
2 17 173.918
2 18 736.202
3 2 2.86102e-06
3 3 3.09944e-06
3 4 4.05312e-06
3 5 5.00679e-06
3 6 1.3113e-05
3 7 4.19617e-05
3 8 0.00018096
3 9 0.00081706
3 10 0.0038271
3 11 0.017359
3 12 0.0747719
3 14 1.39584
3 15 6.01554
3 16 25.8358
3 17 110.443
4 2 2.86102e-06
4 3 2.86102e-06
4 4 4.05312e-06
4 5 5.00679e-06
4 6 1.00136e-05
4 7 3.09944e-05
4 8 0.00013113
4 9 0.000586987
4 10 0.00266409
4 11 0.0131381
4 12 0.055383
4 13 0.238422
4 14 1.02291
4 15 4.41272
4 16 19.0153
4 17 81.3124
5 2 4.05312e-06