7 2 3.09944e-06
7 3 4.05312e-06
7 4 3.09944e-06
7 5 4.05312e-06
7 6 6.19888e-06
7 7 1.5974e-05
7 8 6.22272e-05
7 9 0.000283957
7 10 0.00132799
7 11 0.00620699
7 12 0.0293179
7 13 0.126242
7 14 0.544035
7 15 2.35122
7 16 10.1602
7 17 43.6795
8 2 3.8147e-06
8 3 2.86102e-06
8 4 3.09944e-06
8 5 4.05312e-06
8 6 5.96046e-06
8 7 1.50204e-05
8 8 5.60284e-05
8 9 0.000256062
8 10 0.00117111
8 11 0.00526905
8 12 0.025805
8 13 0.109906
8 14 0.474422
8 15 2.04142
8 16 8.84005
8 17 38.0745
3 5 5.00679e-06
9 5 4.05312e-06
9 6 5.96046e-06
9 7 1.3113e-05
9 2 3.8147e-06
9 3 4.05312e-06
9 4 3.8147e-06
9 8 4.60148e-05
9 9 0.000225067
9 10 0.000987768
9 11 0.00450206
9 12 0.022131
9 13 0.09571
9 14 0.414255
9 15 1.78724
9 16 7.75378
9 17 33.2949
10 2 5.00679e-06
10 3 4.05312e-06
10 4 4.05312e-06
10 5 4.05312e-06
10 6 6.19888e-06
10 7 1.09673e-05
10 8 4.00543e-05
10 9 0.000185013
10 10 0.000865936
10 11 0.00393105
10 12 0.019352
10 13 0.084775
10 14 0.368113
10 15 1.58389
10 16 6.85605
10 17 29.5711
11 2 4.05312e-06
11 3 4.05312e-06
11 4 3.8147e-06
11 5 4.05312e-06
11 5 6.19888e-06
11 6 5.00679e-06
11 7 1.12057e-05
11 8 3.69549e-05
11 9 0.000185013
11 10 0.000770092
11 11 0.00352097
11 12 0.0170631
11 13 0.0762038
11 14 0.330683
11 15 1.41988
11 16 6.159
11 17 26.711
31 17 8.42814
12 2 4.05312e-06
12 3 4.05312e-06
12 4 4.05312e-06
12 5 4.05312e-06
12 6 5.96046e-06
12 7 1.00136e-05
12 8 3.09944e-05
12 9 0.000139952
12 10 0.000669003
12 11 0.00313306
12 12 0.01512
12 13 0.0688248
12 14 0.298399
12 15 1.29372
12 16 5.58139
12 17 24.1545
13 2 4.05312e-06
13 3 4.05312e-06
13 4 4.05312e-06
13 5 5.00679e-06
13 6 5.00679e-06
13 7 9.05991e-06
13 8 2.88486e-05
13 9 0.000127077
13 10 0.000613928
13 11 0.00286102
13 12 0.0135648
13 13 0.0636058
13 14 0.272352
13 15 1.18267
13 16 5.10335
13 17 22.0554
14 2 3.8147e-06
14 3 3.8147e-06
14 4 4.05312e-06
14 5 5.00679e-06
14 6 5.00679e-06
14 7 1.09673e-05
14 8 2.69413e-05
14 9 0.000114918
14 10 0.000569105
14 11 0.00263906
14 12 0.012326
14 13 0.0585821
14 14 0.251305
14 15 1.08552
14 16 4.69675
14 17 20.3526
16 2 5.00679e-06
16 3 4.05312e-06
16 4 3.8147e-06
16 5 5.00679e-06
16 6 5.00679e-06
16 7 8.10623e-06
16 8 2.38419e-05
16 9 0.000108004
16 10 0.000503063
16 11 0.00230503
16 12 0.010587
16 13 0.0519781
16 14 0.221092
16 15 0.950776
16 16 4.08112
16 17 17.6571
18 2 4.05312e-06
18 3 4.05312e-06
18 2 4.05312e-06
18 3 5.00679e-06
18 4 2.86102e-06
18 2 4.05312e-06
18 2 4.05312e-06
18 3 4.05312e-06
18 4 5.00679e-06
18 5 4.05312e-06
18 2 4.05312e-06
18 3 4.05312e-06
18 4 4.05312e-06
18 5 5.00679e-06
18 6 5.00679e-06
18 7 7.15256e-06
18 8 2.09808e-05
18 9 8.39233e-05
18 10 0.000413895
18 11 0.00194311
18 12 0.0089469
18 13 0.0441589
18 14 0.19113
18 15 0.824121
18 16 3.56928
18 17 15.4628
18 18 66.5184
18 19 285.319
19 2 4.05312e-06
19 5 5.96046e-06
19 2 4.05312e-06
19 3 3.8147e-06
19 4 4.05312e-06
19 5 3.8147e-06
19 6 4.05312e-06
19 7 5.96046e-06
19 8 1.90735e-05
19 9 7.89165e-05
19 10 0.000372171
19 11 0.00181198
19 12 0.00833893
19 13 0.0417368
19 14 0.178132
19 15 0.778488
19 16 3.35323
19 17 14.526
20 2 4.05312e-06
20 3 4.05312e-06
20 4 3.8147e-06
20 5 4.05312e-06
20 6 5.00679e-06
20 7 6.91414e-06
20 8 1.69277e-05
20 9 7.31945e-05
20 10 0.000368118
20 11 0.00170207
20 12 0.00786591
20 13 0.0387511
20 14 0.169937
20 15 0.734578
20 16 3.16972
20 17 13.7216
22 2 5.00679e-06
22 3 5.00679e-06
22 4 5.00679e-06
22 5 4.05312e-06
22 6 4.05312e-06
22 7 7.15256e-06
22 8 1.5974e-05
22 9 6.81877e-05
22 10 0.000310898
22 11 0.00151205
22 12 0.00717902
22 13 0.034477
22 14 0.152891
22 15 0.660905
22 16 2.84784
22 17 12.3197
24 2 4.05312e-06
24 3 4.05312e-06
24 4 4.05312e-06
24 5 3.8147e-06
24 6 5.00679e-06
24 7 5.96046e-06
24 8 1.40667e-05
24 9 5.6982e-05
24 10 0.000267982
24 11 0.00134301
24 12 0.00625205
24 13 0.0298829
24 14 0.138153
24 15 0.596671
24 16 2.58817
24 17 11.1423
26 2 3.8147e-06
26 3 3.8147e-06
26 4 4.05312e-06
26 5 4.05312e-06
26 6 5.00679e-06
26 7 5.00679e-06
26 8 1.19209e-05
26 10 0.000251055
26 12 0.00568414
26 14 0.127213
1 2 5.00679e-06
1 3 5.96046e-06
1 4 8.10623e-06
1 6 4.1008e-05
1 7 0.000164032
1 8 0.000705957
1 9 0.00332212
1 10 0.014003
1 11 0.059922
1 12 0.256402
1 13 1.10454
1 14 4.75292
1 15 20.3278
1 16 86.5987
1 16 86.6141
1 17 367.378
2 2 2.86102e-06
2 3 4.05312e-06
2 4 5.00679e-06
2 5 7.15256e-06
2 6 2.00272e-05
2 7 7.20024e-05
2 8 0.000306845
2 9 0.00137091
2 10 0.00653982
2 11 0.0283852
2 12 0.119368
2 13 0.512924
2 14 2.23947
2 15 9.50826
2 16 40.762
2 17 176.393
2 17 173.918
2 18 736.202
3 2 2.86102e-06
3 3 3.09944e-06
3 4 4.05312e-06
3 5 5.00679e-06
3 6 1.3113e-05
3 7 4.19617e-05
3 8 0.00018096
3 9 0.00081706
3 10 0.0038271
3 11 0.017359
3 12 0.0747719
3 14 1.39584
3 15 6.01554
3 16 25.8358
3 17 110.443
4 2 2.86102e-06
4 3 2.86102e-06
4 4 4.05312e-06
4 5 5.00679e-06
4 6 1.00136e-05
4 7 3.09944e-05
4 8 0.00013113
4 9 0.000586987
4 10 0.00266409
4 11 0.0131381
4 12 0.055383
4 13 0.238422
4 14 1.02291
4 15 4.41272
4 16 19.0153
4 17 81.3124
5 2 4.05312e-06
5 3 3.09944e-06
5 4 2.86102e-06
5 5 5.00679e-06
5 6 7.86781e-06
5 7 2.28882e-05
5 8 9.70364e-05
5 10 0.00200391
5 9 0.000451088
5 11 0.00969696
5 12 0.0424061
5 13 0.184179
5 14 0.7921
5 15 3.42267
5 16 14.7808
5 17 63.7398
6 2 2.86102e-06
6 3 4.05312e-06
6 3 4.05312e-06
6 4 3.09944e-06
6 5 3.8147e-06
6 6 7.15256e-06
6 7 1.90735e-05
6 8 7.9155e-05
6 9 0.000409842
6 10 0.00159097
6 10 0.00159407
6 11 0.007581
6 12 0.0345559
6 13 0.149251
6 14 0.658134
6 15 2.78826
6 16 12.0498
6 17 51.8548
7 3 4.05312e-06
7 4 3.09944e-06
7 5 4.05312e-06
7 6 6.19888e-06
7 7 1.5974e-05
7 8 6.22272e-05
7 9 0.000283957
7 10 0.00132799
7 11 0.00620699
7 12 0.0293179
7 13 0.126242
7 14 0.544035
7 15 2.35122
7 16 10.1602
7 17 43.6795
8 2 3.8147e-06
8 3 2.86102e-06
8 4 3.09944e-06
8 5 4.05312e-06
8 6 5.96046e-06
8 7 1.50204e-05
8 8 5.60284e-05
8 9 0.000256062
8 10 0.00117111
8 11 0.00526905
8 12 0.025805
8 13 0.109906
8 14 0.474422
8 15 2.04142
8 16 8.84005
8 17 38.0745
3 5 5.00679e-06
9 5 4.05312e-06
9 6 5.96046e-06
9 7 1.3113e-05
9 2 3.8147e-06
9 3 4.05312e-06
9 4 3.8147e-06
9 8 4.60148e-05
9 9 0.000225067
9 10 0.000987768
9 11 0.00450206
9 12 0.022131
9 13 0.09571
9 14 0.414255
9 15 1.78724
9 16 7.75378
9 17 33.2949
10 2 5.00679e-06
10 3 4.05312e-06
10 4 4.05312e-06
10 5 4.05312e-06
10 6 6.19888e-06
10 7 1.09673e-05
10 8 4.00543e-05
10 9 0.000185013
10 10 0.000865936
10 11 0.00393105
10 12 0.019352
10 13 0.084775
10 14 0.368113
10 15 1.58389
10 16 6.85605
10 17 29.5711
11 2 4.05312e-06
11 3 4.05312e-06
11 4 3.8147e-06
11 5 4.05312e-06
11 5 6.19888e-06
11 6 5.00679e-06
11 7 1.12057e-05
11 8 3.69549e-05
11 9 0.000185013
11 10 0.000770092
11 11 0.00352097
11 12 0.0170631
11 13 0.0762038
11 14 0.330683
11 15 1.41988
11 16 6.159
11 17 26.711
31 17 8.42814
12 2 4.05312e-06
12 3 4.05312e-06
12 4 4.05312e-06
12 5 4.05312e-06
12 6 5.96046e-06
12 7 1.00136e-05
12 8 3.09944e-05
12 9 0.000139952
12 10 0.000669003
12 11 0.00313306
12 12 0.01512
12 13 0.0688248
12 14 0.298399
12 15 1.29372
12 16 5.58139
12 17 24.1545
13 2 4.05312e-06
26 2 5.96046e-06
26 3 3.8147e-06
26 4 4.05312e-06
26 5 4.05312e-06
26 6 4.05312e-06
26 7 7.15256e-06
26 8 1.3113e-05
26 9 5.00679e-05
26 10 0.000252008
26 11 0.00120616
26 12 0.00571203
26 13 0.0276
26 14 0.126843
26 15 0.546778
26 16 2.36629
26 17 10.2321
28 2 4.05312e-06
28 3 4.05312e-06
28 4 4.05312e-06
28 5 4.05312e-06
28 6 5.00679e-06
28 7 5.96046e-06
28 8 1.28746e-05
28 9 5.10216e-05
28 10 0.000223875
28 11 0.00110698
28 12 0.00521493
28 13 0.024894
28 14 0.11756
28 15 0.504854
28 16 2.17422
28 17 9.39186
30 2 4.05312e-06
30 3 4.05312e-06
30 4 4.05312e-06
30 5 4.05312e-06
30 6 4.05312e-06
30 7 5.00679e-06
30 8 1.09673e-05
30 9 4.41074e-05
30 10 0.000209093
30 11 0.00102186
30 12 0.00482607
30 13 0.0228009
30 14 0.109341
30 15 0.468556
30 16 2.02347
30 17 8.71198
32 2 4.05312e-06
32 3 5.00679e-06
32 4 5.96046e-06
32 5 4.05312e-06
32 6 4.05312e-06
32 7 6.91414e-06
32 8 1.3113e-05
32 9 4.22001e-05
32 10 0.000203133
32 11 0.000967979
32 12 0.00460887
32 13 0.021071
32 14 0.101363
32 15 0.440101
32 16 1.89219
32 17 8.18166
34 2 4.05312e-06
34 4 4.05312e-06
34 5 4.76837e-06
34 6 3.8147e-06
34 7 5.96046e-06
34 8 1.19209e-05
34 9 4.19617e-05
34 10 0.000181198
34 11 0.000878096
34 12 0.00420403
34 13 0.019388
34 14 0.0950871
34 15 0.409349
34 16 1.76906
34 17 7.62239
36 2 4.05312e-06
36 3 4.05312e-06
36 4 3.09944e-06
36 5 4.05312e-06
36 6 4.05312e-06
36 7 5.00679e-06
36 8 9.77516e-06
36 9 3.60012e-05
36 10 0.000160933
36 11 0.000797033
36 12 0.00387597
36 13 0.0180912
36 14 0.088645
36 15 0.377874
36 16 1.65035
36 17 7.15385
38 2 6.19888e-06
38 3 4.05312e-06
38 4 4.05312e-06
38 5 3.8147e-06
38 6 6.19888e-06
38 7 4.05312e-06
38 8 9.05991e-06
38 9 3.19481e-05
38 10 0.000148058
38 11 0.000746012
38 12 0.00360489
38 13 0.016762
38 14 0.0826879
38 15 0.356839
38 16 1.55621
38 17 6.71653
40 2 5.96046e-06
40 3 3.09944e-06
40 4 5.00679e-06
40 5 4.05312e-06
40 6 3.8147e-06
40 7 5.00679e-06
5 2 2.86102
5 2 3.8147
5 2 3.09944
5 2 2.86102
3 2 3.09944
16 15 1.0179
2 2 4.05312
2 3 4.05312
2 4 5.00679
2 5 8.10623
2 6 2.69413
2 7 7.89165
2 8 0.00035285
2 9 0.0015041
2 10 0.0070409
2 11 0.02982
2 12 0.12753
2 13 0.55799
2 14 2.3331
2 15 9.9774
2 16 42.672
2 17 181.5
4 2 3.09944
4 3 3.09944
4 4 3.8147
4 5 5.00679
4 6 1.09673
4 7 3.50475
4 8 0.00014495
4 9 0.00066089
4 10 0.0030958
4 11 0.01396
4 12 0.05943
4 13 0.25511
4 14 1.0887
4 15 4.6534
4 16 19.907
26 2 5.96046e-06
26 3 3.8147e-06
26 4 4.05312e-06
26 5 4.05312e-06
26 6 4.05312e-06
26 7 7.15256e-06
26 8 1.3113e-05
26 9 5.00679e-05
26 10 0.000252008
26 11 0.00120616
26 12 0.00571203
26 13 0.0276
26 14 0.126843
26 15 0.546778
26 16 2.36629
26 17 10.2321
28 2 4.05312e-06
28 3 4.05312e-06
28 4 4.05312e-06
28 5 4.05312e-06
28 6 5.00679e-06
28 7 5.96046e-06
28 8 1.28746e-05
28 9 5.10216e-05
28 10 0.000223875
28 11 0.00110698
28 12 0.00521493
28 13 0.024894
28 14 0.11756
28 15 0.504854
28 16 2.17422
28 17 9.39186
30 2 4.05312e-06
30 3 4.05312e-06
30 4 4.05312e-06
30 5 4.05312e-06
30 6 4.05312e-06
30 7 5.00679e-06
30 8 1.09673e-05
30 9 4.41074e-05
30 10 0.000209093
30 11 0.00102186
30 12 0.00482607
30 13 0.0228009
30 14 0.109341
30 15 0.468556
30 16 2.02347
30 17 8.71198
32 2 4.05312e-06
32 3 5.00679e-06
32 4 5.96046e-06
32 5 4.05312e-06
32 6 4.05312e-06
32 7 6.91414e-06
32 8 1.3113e-05
32 9 4.22001e-05
32 10 0.000203133
32 11 0.000967979
32 12 0.00460887
32 13 0.021071
32 14 0.101363
32 15 0.440101
32 16 1.89219
32 17 8.18166
34 2 4.05312e-06
34 4 4.05312e-06
34 5 4.76837e-06
34 6 3.8147e-06
34 7 5.96046e-06
34 8 1.19209e-05
34 9 4.19617e-05
34 10 0.000181198
34 11 0.000878096
34 12 0.00420403
34 13 0.019388
34 14 0.0950871
34 15 0.409349
34 16 1.76906
34 17 7.62239
36 2 4.05312e-06
36 3 4.05312e-06
36 4 3.09944e-06
36 5 4.05312e-06
36 6 4.05312e-06
36 7 5.00679e-06
36 8 9.77516e-06
36 9 3.60012e-05
36 10 0.000160933
36 11 0.000797033
36 12 0.00387597
36 13 0.0180912
36 14 0.088645
36 15 0.377874
36 16 1.65035
36 17 7.15385
38 2 6.19888e-06
38 3 4.05312e-06
38 4 4.05312e-06
38 5 3.8147e-06
38 6 6.19888e-06
38 7 4.05312e-06
38 8 9.05991e-06
38 9 3.19481e-05
38 10 0.000148058
38 11 0.000746012
38 12 0.00360489
38 13 0.016762
38 14 0.0826879
38 15 0.356839
38 16 1.55621
38 17 6.71653
40 2 5.96046e-06
40 3 3.09944e-06
40 4 5.00679e-06
40 5 4.05312e-06
40 6 3.8147e-06
40 7 5.00679e-06
5 2 2.86102
5 2 3.8147
5 2 3.09944
5 2 2.86102
3 2 3.09944
16 15 1.0179
2 2 4.05312
2 3 4.05312
2 4 5.00679
2 5 8.10623
2 6 2.69413
2 7 7.89165
2 8 0.00035285
2 9 0.0015041
2 10 0.0070409
2 11 0.02982
2 12 0.12753
2 13 0.55799
2 14 2.3331
2 15 9.9774
2 16 42.672
2 17 181.5
4 2 3.09944
4 3 3.09944
4 4 3.8147
4 5 5.00679
4 6 1.09673
4 7 3.50475
4 8 0.00014495
4 9 0.00066089
4 10 0.0030958
4 11 0.01396
4 12 0.05943
4 13 0.25511
4 14 1.0887
4 15 4.6534
4 16 19.907
4 17 85.107
6 2 4.05312
6 3 3.09944
6 4 3.8147
6 5 4.05312
6 6 8.10623
6 7 2.09808
6 8 8.29697
6 9 0.00039005
6 10 0.0017309
6 11 0.008341
6 12 0.038368
6 13 0.16175
6 14 0.69018
6 15 2.9597
6 16 12.695
6 17 54.295
8 2 4.05312
8 3 4.05312
8 4 4.05312
8 5 4.05312
8 6 6.91414
8 7 1.5974
8 8 6.60419
8 9 0.00028896
8 10 0.001271
8 11 0.005846
8 12 0.027877
8 13 0.11921
8 14 0.50887
8 15 2.1763
8 16 9.3098
8 17 39.853
16 2 4.05312
16 3 5.96046
16 4 3.8147
16 5 3.8147
16 6 5.00679
16 7 9.05991
16 8 2.59876
16 9 0.00011777
16 10 0.00054287
16 11 0.00249
16 12 0.011582
16 13 0.055864
16 14 0.23776
16 15 1.0165
16 16 4.3579
16 17 18.656
32 2 5.96046
32 3 5.96046
32 4 4.05312
32 5 3.8147
32 6 4.05312
32 7 5.96046
32 8 1.28746
32 9 4.79221
32 10 0.00023984
32 11 0.001074
32 12 0.0049929
32 13 0.02352
32 14 0.1126
32 15 0.47723
32 16 2.0377
32 17 8.716
11 9 0.000185013
11 10 0.000770092
11 11 0.00352097
11 12 0.0170631
11 13 0.0762038
11 14 0.330683
11 15 1.41988
11 16 6.159
11 17 26.711
31 17 8.42814
12 2 4.05312e-06
12 3 4.05312e-06
12 4 4.05312e-06
12 5 4.05312e-06
12 6 5.96046e-06
12 7 1.00136e-05
12 8 3.09944e-05
12 9 0.000139952
12 10 0.000669003
12 11 0.00313306
12 12 0.01512
12 13 0.0688248
12 14 0.298399
12 15 1.29372
12 16 5.58139
12 17 24.1545
13 2 4.05312e-06
7 2 3.09944e-06
1 9 0.00332212
1 10 0.014003
1 11 0.059922
1 12 0.256402
1 13 1.10454
1 14 4.75292
1 15 20.3278
1 16 86.5987
1 16 86.6141
1 17 367.378
2 2 2.86102e-06
2 3 4.05312e-06
2 4 5.00679e-06
2 5 7.15256e-06
2 6 2.00272e-05
2 7 7.20024e-05
2 8 0.000306845
2 9 0.00137091
2 10 0.00653982
2 11 0.0283852
2 12 0.119368
2 13 0.512924
2 14 2.23947
2 15 9.50826
2 16 40.762
2 17 176.393
2 17 173.918
2 18 736.202
3 2 2.86102e-06
3 3 3.09944e-06
3 4 4.05312e-06
3 5 5.00679e-06
3 6 1.3113e-05
3 7 4.19617e-05
3 8 0.00018096
3 9 0.00081706
3 10 0.0038271
3 11 0.017359
3 12 0.0747719
3 14 1.39584
3 15 6.01554
3 16 25.8358
3 17 110.443
4 2 2.86102e-06
4 3 2.86102e-06
4 4 4.05312e-06
4 5 5.00679e-06
4 6 1.00136e-05
4 7 3.09944e-05
4 8 0.00013113
4 9 0.000586987
4 10 0.00266409
4 11 0.0131381
4 12 0.055383
4 13 0.238422
4 14 1.02291
4 15 4.41272
4 16 19.0153
4 17 81.3124
5 2 4.05312e-06
5 3 3.09944e-06
5 4 2.86102e-06
5 5 5.00679e-06
5 6 7.86781e-06
5 7 2.28882e-05
5 8 9.70364e-05
5 10 0.00200391
5 9 0.000451088
5 11 0.00969696
5 12 0.0424061
5 13 0.184179
5 14 0.7921
5 15 3.42267
5 16 14.7808
5 17 63.7398
6 2 2.86102e-06
6 3 4.05312e-06
6 3 4.05312e-06
6 4 3.09944e-06
6 5 3.8147e-06
6 6 7.15256e-06
6 7 1.90735e-05
6 8 7.9155e-05
6 9 0.000409842
6 10 0.00159097
6 10 0.00159407
6 11 0.007581
6 12 0.0345559
6 13 0.149251
6 14 0.658134
6 15 2.78826
6 16 12.0498
6 17 51.8548
