11 9 0.000185013
_____
11 10 0.000770092
_____
11 11 0.00352097
_____
11 12 0.0170631
_____
11 13 0.0762038
_____
11 14 0.330683
_____
11 15 1.41988
_____
11 16 6.159
_____
11 17 26.711
_____
31 17 8.42814
_____
12 2 4.05312e-06
_____
12 3 4.05312e-06
_____
12 4 4.05312e-06
_____
12 5 4.05312e-06
_____
12 6 5.96046e-06
_____
12 7 1.00136e-05
_____
12 8 3.09944e-05
_____
12 9 0.000139952
_____
12 10 0.000669003
_____
12 11 0.00313306
_____
12 12 0.01512
_____
12 13 0.0688248
_____
12 14 0.298399
_____
12 15 1.29372
_____
12 16 5.58139
_____
12 17 24.1545
_____
13 2 4.05312e-06
_____
