RANK: 0 SIZE: 1 N: 2
TIME 4.05312e-06
_____
125.00679e-06
_____
135.96046e-06
_____
148.10623e-06
_____
164.1008e-05
_____
170.000164032
_____
180.000705957
_____
1 9 0.00332212
_____
1 10 0.014003
_____
1 11 0.059922
_____
1 12 0.256402
_____
1 13 1.10454
_____
1 14 4.75292
_____
1 15 20.3278
_____
1 16 86.5987
_____
1 16 86.6141
_____
1 17 367.378
_____
2 2 2.86102e-06
_____
2 3 4.05312e-06
_____
2 4 5.00679e-06
_____
2 5 7.15256e-06
_____
2 6 2.00272e-05
_____
2 7 7.20024e-05
_____
2 8 0.000306845
_____
2 9 0.00137091
_____
2 10 0.00653982
_____
2 11 0.0283852
_____
2 12 0.119368
_____
2 13 0.512924
_____
2 14 2.23947
_____
2 15 9.50826
_____
2 16 40.762
_____
2 17 176.393
_____
2 17 173.918
_____
2 18 736.202
_____
3 2 2.86102e-06
_____
3 3 3.09944e-06
_____
3 4 4.05312e-06
_____
3 5 5.00679e-06
_____
3 6 1.3113e-05
_____
3 7 4.19617e-05
_____
3 8 0.00018096
_____
3 9 0.00081706
_____
3 10 0.0038271
_____
3 11 0.017359
_____
3 12 0.0747719
_____
3 14 1.39584
_____
3 15 6.01554
_____
3 16 25.8358
_____
3 17 110.443
_____
4 2 2.86102e-06
_____
4 3 2.86102e-06
_____
4 4 4.05312e-06
_____
4 5 5.00679e-06
_____
4 6 1.00136e-05
_____
4 7 3.09944e-05
_____
4 8 0.00013113
_____
4 9 0.000586987
_____
4 10 0.00266409
_____
4 11 0.0131381
_____
4 12 0.055383
_____
4 13 0.238422
_____
4 14 1.02291
_____
4 15 4.41272
_____
4 16 19.0153
_____
4 17 81.3124
_____
5 2 4.05312e-06
_____
5 3 3.09944e-06
_____
5 4 2.86102e-06
_____
5 5 5.00679e-06
_____
5 6 7.86781e-06
_____
5 7 2.28882e-05
_____
5 8 9.70364e-05
_____
5 10 0.00200391
_____
5 9 0.000451088
_____
5 11 0.00969696
_____
5 12 0.0424061
_____
5 13 0.184179
_____
5 14 0.7921
_____
5 15 3.42267
_____
5 16 14.7808
_____
5 17 63.7398
_____
6 2 2.86102e-06
_____
6 3 4.05312e-06
_____
6 3 4.05312e-06
_____
6 4 3.09944e-06
_____
6 5 3.8147e-06
_____
6 6 7.15256e-06
_____
6 7 1.90735e-05
_____
6 8 7.9155e-05
_____
6 9 0.000409842
_____
6 10 0.00159097
_____
6 10 0.00159407
_____
6 11 0.007581
_____
6 12 0.0345559
_____
6 13 0.149251
_____
6 14 0.658134
_____
6 15 2.78826
_____
6 16 12.0498
_____
6 17 51.8548
_____
