7 2 3.09944e-06
_____
7 3 4.05312e-06
_____
7 4 3.09944e-06
_____
7 5 4.05312e-06
_____
7 6 6.19888e-06
_____
7 7 1.5974e-05
_____
7 8 6.22272e-05
_____
7 9 0.000283957
_____
7 10 0.00132799
_____
7 11 0.00620699
_____
7 12 0.0293179
_____
7 13 0.126242
_____
7 14 0.544035
_____
7 15 2.35122
_____
7 16 10.1602
_____
7 17 43.6795
_____
8 2 3.8147e-06
_____
8 3 2.86102e-06
_____
8 4 3.09944e-06
_____
8 5 4.05312e-06
_____
8 6 5.96046e-06
_____
8 7 1.50204e-05
_____
8 8 5.60284e-05
_____
8 9 0.000256062
_____
8 10 0.00117111
_____
8 11 0.00526905
_____
8 12 0.025805
_____
8 13 0.109906
_____
8 14 0.474422
_____
8 15 2.04142
_____
8 16 8.84005
_____
8 17 38.0745
_____
3 5 5.00679e-06
_____
9 5 4.05312e-06
_____
9 6 5.96046e-06
_____
9 7 1.3113e-05
_____
9 2 3.8147e-06
_____
9 3 4.05312e-06
_____
9 4 3.8147e-06
_____
9 8 4.60148e-05
_____
9 9 0.000225067
_____
9 10 0.000987768
_____
9 11 0.00450206
_____
9 12 0.022131
_____
9 13 0.09571
_____
9 14 0.414255
_____
9 15 1.78724
_____
9 16 7.75378
_____
9 17 33.2949
_____
10 2 5.00679e-06
_____
10 3 4.05312e-06
_____
10 4 4.05312e-06
_____
10 5 4.05312e-06
_____
10 6 6.19888e-06
_____
10 7 1.09673e-05
_____
10 8 4.00543e-05
_____
10 9 0.000185013
_____
10 10 0.000865936
_____
10 11 0.00393105
_____
10 12 0.019352
_____
10 13 0.084775
_____
10 14 0.368113
_____
10 15 1.58389
_____
10 16 6.85605
_____
10 17 29.5711
_____
11 2 4.05312e-06
_____
11 3 4.05312e-06
_____
11 4 3.8147e-06
_____
11 5 4.05312e-06
_____
11 5 6.19888e-06
_____
11 6 5.00679e-06
_____
11 7 1.12057e-05
_____
11 8 3.69549e-05
_____
