# x1 x2 y
38 17 92.0825620706
38 16 93.8362355106
38 15 96.2891902735
38 14 97.3910775337
38 13 112.101669968
38 12 121.004417888
38 11 134.935223562
38 10 155.808345378
38 9 164.106159678
38 8 130.20526694
38 7 64.6770882678
38 6 9.25070335286
38 5 3.22122316303
38 4 0.631612190115
38 3 0.126322438023
38 2 0.0154866685595

36 17 86.4534887681
36 16 88.4835871567
36 15 90.9290884475
36 14 90.8462257319
36 13 103.865315291
36 12 112.541535667
36 11 126.297525949
36 10 143.343329212
36 9 145.630701199
36 8 120.678127008
36 7 52.3576982458
36 6 14.1481130586
36 5 3.03173851255
36 4 0.825955656506
36 3 0.126322438023
36 2 0.0236854571293

34 17 81.1392871034
34 16 82.5460346534
34 15 83.9375163198
34 14 84.6914426878
34 13 96.9181035692
34 12 103.759396579
34 11 114.638144349
34 10 127.311957086
34 9 124.944413596
34 8 98.9562868575
34 7 43.9804981495
34 6 15.0323747608
34 5 2.57698123258
34 4 0.631612190115
34 2 0.0236854571293

32 17 75.5928858721
32 16 77.1745374746
32 15 78.0723933097
32 14 79.4477637797
32 13 89.176982203
32 12 94.6452418923
32 11 103.993264317
32 10 113.56437408
32 9 124.238568155
32 8 89.9601921757
32 7 37.9141874478
32 6 14.1481130586
32 5 3.03173851255
32 4 0.429497052241
32 3 0.102261129386
32 2 0.0236854571293

30 17 70.9913579489
30 16 72.1675577419
30 15 73.3311244931
30 14 73.6509056987
30 13 82.4111413146
30 12 90.3856794452
30 11 98.5098702366
30 10 110.327328031
30 9 118.866221994
30 8 107.560475231
30 7 52.3576982458
30 6 14.1481130586
30 5 3.03173851255
30 4 0.631612190115
30 3 0.126322438023
30 2 0.0236854571293

28 17 65.8522689461
28 16 67.1638049802
28 15 68.0587622719
28 14 68.5017325621
28 13 75.481971238
28 12 83.6459196959
28 11 90.9350629641
28 10 103.042644333
28 9 102.758047572
28 8 91.6259922638
28 7 43.9804981495
28 6 11.4532464913
28 5 3.03173851255
28 4 0.631612190115
28 3 0.126322438023
28 2 0.0236854571293

26 17 60.4446096719
26 16 61.7121688652
26 15 62.8403819612
26 14 63.3037793307
26 14 63.4884359405
26 13 68.0814562319
26 12 76.3664784674
26 12 76.7411808998
26 11 83.4576639915
26 10 91.5394431923
26 10 91.8869251758
26 9 104.715396492
26 8 89.9601921757
26 8 98.9562868575
26 7 36.6503741318
26 7 52.3576982458
26 6 11.4532464913
26 6 14.1481130586
26 5 3.03173851255
26 5 3.03173851255
26 4 0.631612190115
26 4 0.631612190115
26 3 0.134217631793
26 3 0.134217631793
26 2 0.016106139459
26 2 0.0251658059612

24 17 55.5069680967
24 16 56.4216755715
24 15 57.585735469
24 14 58.2909070378
24 13 62.8803828276
24 12 69.7703338905
24 11 74.9534969956
24 10 86.0829160167
24 9 92.0094064792
24 8 83.8610335047
24 7 43.9804981495
24 6 11.4532464913
24 5 3.22122316303
24 4 0.631612190115
24 3 0.126322438023
24 2 0.0236854571293

22 17 50.2021389014
22 16 51.2770689589
22 15 51.9889218087
22 14 52.6719275824
22 13 54.5014993184
22 12 60.7614432053
22 11 66.5740524454
22 10 74.2001299462
22 9 76.8889403807
22 8 73.8480030049
22 7 36.6503741318
22 6 14.1481130586
22 5 3.03173851255
22 4 0.511305646931
22 3 0.102261129386
22 2 0.0191739617599

20 17 45.0731176119
20 16 46.0699645596
20 15 46.7747990928
20 14 47.3885244532
20 13 48.4901897495
20 12 55.4554547408
20 11 59.1416898247
20 10 62.6665145415
20 9 71.6294257082
20 8 69.687435387
20 7 37.9141874478
20 6 11.4532464913
20 5 3.03173851255
20 4 0.671088158964
20 3 0.126322438023
20 2 0.0236854571293

19 17 42.5771231326
19 16 43.5487240851
19 15 44.1365035402
19 14 45.2084054521
19 13 45.0213766269
19 12 52.30978267
19 11 55.5543085465
19 10 61.9840664641
19 9 66.4357897271
19 8 61.8474847301
19 7 43.9804981495
19 6 14.1481130586
19 5 2.06158585076
19 5 3.22122316303
19 4 0.631612190115
19 3 0.134217631793
19 2 0.0236854571293
19 2 0.0236854571293

18 19 38.5362218351
18 18 39.2574102198
18 17 39.9976259555
18 16 40.9127017393
18 15 41.6925892775
18 14 42.133959504
18 13 42.5519700898
18 12 48.7551683823
18 11 51.8052482875
18 10 55.7355657836
18 9 62.4722812377
18 8 56.2251201098
18 7 36.6503741318
18 6 11.4532464913
18 5 2.45426710527
18 5 3.03173851255
18 4 0.511305646931
18 4 0.631612190115
18 4 0.894785775702
18 3 0.102261129386
18 3 0.126322438023
18 3 0.126322438023
18 3 0.126322438023
18 2 0.0236854571293
18 2 0.0236854571293
18 2 0.0236854571293
18 2 0.0236854571293
18 2 0.0236854571293

16 17 35.0270027708
16 16 35.7815717411
16 15 33.7555146557
16 15 36.1386260991
16 14 36.4240392235
16 13 36.1507671885
16 12 41.2021928781
16 11 43.6711435426
16 10 45.856427525
16 9 48.543387282
16 8 49.4779359028
16 7 32.3385840273
16 6 11.4532464913
16 5 2.45426710527
16 4 0.671088158964
16 3 0.126322438023
16 2 0.0191739617599

14 17 30.3880236738
14 16 31.0914756085
14 15 31.652791628
14 14 32.0449799248
14 13 32.0754666016
14 12 35.3892273244
14 11 38.1436178033
14 10 40.5350014496
14 9 45.6227919038
14 8 43.7858603705
14 7 23.9023278291
14 6 11.4532464913
14 5 2.45426710527
14 4 0.631612190115
14 3 0.134217631793
14 2 0.0251658059612

13 17 28.041898611
13 16 28.6143196261
13 15 29.0526844919
13 14 29.5685865351
13 13 29.5420888032
13 12 32.1573201227
13 11 35.1844083579
13 10 37.5755332873
13 9 41.2575052921
13 8 40.8909964435
13 7 28.9345037644
13 6 11.4532464913
13 5 2.45426710527
13 4 0.631612190115
13 3 0.126322438023
13 2 0.0236854571293
13 2 0.0236854571293

12 17 25.6049717702
12 17 25.6049717702
12 16 26.1635341849
12 16 26.1635341849
12 15 26.5588677364
12 15 26.5588677364
12 14 26.9875692613
12 14 26.9875692613
12 13 27.3019055922
12 13 27.3019055922
12 12 28.8497100529
12 12 28.8497100529
12 11 32.1293866061
12 11 32.1293866061
12 10 34.4821652519
12 10 34.4821652519
12 9 37.461986967
12 9 37.461986967
12 8 38.0600366518
12 8 38.0600366518
12 7 26.1787968363
12 7 26.1787968363
12 6 9.6207339702
12 6 9.6207339702
12 5 3.03173851255
12 5 3.03173851255
12 4 0.631612190115
12 4 0.631612190115
12 3 0.126322438023
12 3 0.126322438023
12 2 0.0236854571293
12 2 0.0236854571293

11 17 23.1543293259
11 17 23.1543293259
11 16 23.7098373216
11 16 23.7098373216
11 15 24.1990438403
11 15 24.1990438403
11 14 24.3528203143
11 14 24.3528203143
11 13 24.6581954181
11 13 24.6581954181
11 12 25.5643825565
11 12 25.5643825565
11 11 28.5896488752
11 11 28.5896488752
11 10 29.9557351589
11 10 29.9557351589
11 9 28.33790058
11 9 28.33790058
11 8 31.92128784
11 7 23.3938085082
11 6 11.4532464913
11 5 1.98229357561
11 5 3.03173851255
11 4 0.671088158964
11 3 0.126322438023
11 2 0.0236854571293

10 17 20.9148557417
10 16 21.2992740811
10 15 21.6932604966
10 14 21.8766076721
10 13 22.1651216986
10 12 22.5406994626
10 11 25.607228603
10 10 26.6401581641
10 9 28.33790058
10 8 29.4512199689
10 7 23.9023278291
10 6 9.25070335286
10 5 3.03173851255
10 4 0.631612190115
10 3 0.126322438023
10 2 0.0191739617599

9 17 18.5756764737
9 16 18.8332514031
9 15 19.2250276225
9 14 19.4398708042
9 13 19.6327258594
9 12 19.7102533098
9 11 22.3593857034
9 10 23.3543423152
9 9 23.2947522293
9 8 25.6362735468
9 7 19.9911538168
9 6 9.6207339702
9 5 3.03173851255
9 4 0.671088158964
9 3 0.126322438023
9 2 0.0251658059612

8 17 16.2438191079
8 16 16.5190115513
8 15 16.8312931038
8 14 16.9744735278
8 13 17.0968663403
8 12 16.9039959698
8 11 19.1046385971
8 10 19.6981257098
8 9 20.475041201
8 8 21.0544652355
8 7 17.4525312242
8 6 9.6207339702
8 5 3.03173851255
8 4 0.825955656506
8 3 0.17895715514
8 2 0.0251658059612

7 17 14.1593949249
7 16 14.3726391276
7 15 14.6135786392
7 14 14.8024735173
7 13 14.8844932115
7 12 14.878542324
7 11 16.2177312997
7 10 17.3711187584
7 9 18.4636406216
7 8 18.9571120025
7 7 16.4106673344
7 6 9.25070335286
7 5 3.03173851255
7 4 0.825955656506
7 3 0.126322438023
7 2 0.030973337119

6 17 11.9270596092
6 16 12.1187810639
6 15 12.3230037256
6 14 12.2362067299
6 13 12.5898532807
6 12 12.6232456976
6 11 13.2783664424
6 10 14.4715552015
6 10 14.4997529809
6 9 12.7924419654
6 8 14.9030130756
6 7 13.7438854956
6 6 8.01726934133
6 5 3.22122316303
6 4 0.825955656506
6 3 0.126322438023
6 3 0.126322438023
6 2 0.0335544665888

5 17 9.70312568637
5 16 9.87963358303
5 15 10.0388697619
5 14 10.1667260194
5 13 10.2022933776
5 12 10.2864355836
5 11 10.3809127809
5 10 11.5118303716
5 9 11.6227432341
5 8 12.1567576703
5 7 11.453237913
5 6 7.2884322321
5 5 2.45426710527
5 4 0.894785775702
5 3 0.165191131301
5 2 2.51658059612e-08
5 2 3.0973337119e-08
5 2 3.35544665888e-08
5 2 3.35544665888e-08
5 2 0.0236854571293

4 17 7.60616204446
4 16 7.33555473271
4 16 7.67954689455
4 15 7.3837921451
4 15 7.786521322
4 14 7.39695387159
4 14 7.87270012025
4 13 7.3656391047
4 13 7.88118626637
4 12 7.33985556116
4 12 7.87620056696
4 11 7.21083782235
4 11 7.66193711419
4 10 7.45160281672
4 10 8.65911887361
4 9 7.93305996459
4 9 8.93185027948
4 8 8.13830976199
4 8 8.99601921757
4 7 7.47967758043e-05
4 7 8.45778592262
4 6 5.22863421261e-05
4 6 5.72661180794
4 5 2.45426710527e-06
4 5 2.45426710527
4 4 6.71088158964e-07
4 4 0.631612190115
4 3 1.65191131301e-07
4 3 0.17895715514
4 2 3.0973337119e-08
4 2 0.0335544665888

3 17 5.59995011566
3 16 5.65219145774
3 15 5.71182942313
3 14 5.76933149931
3 12 5.83384421153
3 11 5.79891099718
3 10 6.02771602519
3 9 6.41676253886
3 8 6.51883289125
3 7 6.24722067981
3 6 4.37306489743
3 5 2.45426710527
3 5 2.45426710527
3 4 0.631612190115
3 3 0.165191131301
3 2 3.0973337119e-08
3 2 0.0335544665888

2 18 3.54704295284
2 17 3.40757735881
2 17 3.50623488814
2 17 3.55613157134
2 16 3.42212429846
2 16 3.58247603317
2 15 3.443756727
2 15 3.61367257185
2 14 3.45165817153
2 14 3.59596854613
2 13 3.36753022814
2 13 3.66340469933
2 12 3.42043139653
2 12 3.65430949668
2 11 3.37569738431
2 11 3.54633034116
2 10 3.27638114446
2 10 3.52741696255
2 9 3.48572568313
2 9 3.8243794268
2 8 3.34319965991
2 8 3.8444426339
2 7 3.32178948636e-05
2 7 3.64076752997
2 6 2.12847932357e-05
2 6 2.86330590397
2 5 1.51587112628e-06
2 5 1.71798628743
2 4 5.11305646931e-07
2 4 0.511305646931
2 3 1.26322438023e-07
2 3 0.126322438023
2 2 2.36854571293e-08
2 2 0.0335544665888

1 17 1.68348483204
1 16 1.68597131488
1 16 1.68627113414
1 15 1.69028317713
1 14 1.69434025399
1 13 1.701204295
1 12 1.70126448312
1 11 1.67990547712
1 10 1.64740926944
1 9 1.57817297388
